Matrix generation
A:
1 0 0 0 0 0 0 0 0 0 
0 -0,666666666666667 0,666666666666667 0 0 0 0 0 0 0 
0 0 -0,666666666666667 0,666666666666667 0 0 0 0 0 0 
0 0 0 1 0 0 0 0 0 0 
0 0 0 0 -0,666666666666667 0 0 0,666666666666667 0 0 
0,333333333333333 0 0 0 0 -1 0,333333333333333 0 0,333333333333333 0 
0 0,666666666666667 0 0 0 0 -0,666666666666667 0 0 0 
0 0 0 0 0 0 0 -0,666666666666667 0 0,666666666666667 
0 0 0 0 0,666666666666667 0 0 0 -0,666666666666667 0 
0 0 0 0 0 0 0 0 0 1 

B:
0 
0 
0 
0 
0 
0 
0 
0 
0 
1 

